1 12
1 -7
1 -4
2 45
2 -10
2 -23
2 14
2 -40
3 32
3 -25
3 -7
3 3
3 -9
4 -6
4 54
4 -33
4 -15
5 4
5 -3
6 2
7 9
7 -20
8 10
8 -3
9 22
9 -3
10 4
10 -1
10 -2
10 1
1 12
1 -7
1 -4
2 45
2 -10
2 -23
2 14
2 -40
3 32
3 -25
3 -7
3 3
3 -9
4 -6
4 54
4 -33
4 -15
5 4
5 -3
6 2
7 9
7 -20
8 10
8 -3
9 22
9 -3
10 4
10 -1
10 -2
10 1
1 12
1 -7
1 -4
2 45
2 -10
2 -23
2 14
2 -40
3 32
3 -25
3 -7
3 3
3 -9
4 -6
4 54
4 -33
4 -15
5 4
5 -3
6 2
7 9
7 -20
8 10
8 -3
9 22
9 -3
10 4
10 -1
10 -2
10 1
1 12
1 -7
1 -4
2 45
2 -10
2 -23
2 14
2 -40
3 32
3 -25
3 -7
3 3
3 -9
4 -6
4 54
4 -33
4 -15
5 4
5 -3
6 2
7 9
7 -20
8 10
8 -3
9 22
9 -3
10 4
10 -1
10 -2
10 1
1 12
1 -7
1 -4
2 45
2 -10
2 -23
2 14
2 -40
3 32
3 -25
3 -7
3 3
3 -9
4 -6
4 54
4 -33
4 -15
5 4
5 -3
6 2
7 9
7 -20
8 10
8 -3
9 22
9 -3
10 4
10 -1
10 -2
10 1
1 12
1 -7
1 -4
2 45
2 -10
2 -23
2 14
2 -40
3 32
3 -25
3 -7
3 3
3 -9
4 -6
4 54
4 -33
4 -15
5 4
5 -3
6 2
7 9
7 -20
8 10
8 -3
9 22
9 -3
10 4
10 -1
10 -2
10 1
1 12
1 -7
1 -4
2 45
2 -10
2 -23
2 14
2 -40
3 32
3 -25
3 -7
3 3
3 -9
4 -6
4 54
4 -33
4 -15
5 4
5 -3
6 2
7 9
7 -20
8 10
8 -3
9 22
9 -3
10 4
10 -1
10 -2
10 1
1 12
1 -7
1 -4
2 45
2 -10
2 -23
2 14
2 -40
3 32
3 -25
3 -7
3 3
3 -9
4 -6
4 54
4 -33
4 -15
5 4
5 -3
6 2
7 9
7 -20
8 10
8 -3
9 22
9 -3
10 4
10 -1
10 -2
10 1
1 12
1 -7
1 -4
2 45
2 -10
2 -23
2 14
2 -40
3 32
3 -25
3 -7
3 3
3 -9
4 -6
4 54
4 -33
4 -15
5 4
5 -3
6 2
7 9
7 -20
8 10
8 -3
9 22
9 -3
10 4
10 -1
10 -2
10 1
1 12
1 -7
1 -4
2 45
2 -10
2 -23
2 14
2 -40
3 32
3 -25
3 -7
3 3
3 -9
4 -6
4 54
4 -33
4 -15
5 4
5 -3
6 2
7 9
7 -20
8 10
8 -3
9 22
9 -3
10 4
10 -1
10 -2
10 1
1 12
1 -7
1 -4
2 45
2 -10
2 -23
2 14
2 -40
3 32
3 -25
3 -7
3 3
3 -9
4 -6
4 54
4 -33
4 -15
5 4
5 -3
6 2
7 9
7 -20
8 10
8 -3
9 22
9 -3
10 4
10 -1
10 -2
10 1
9 -3
10 4
10 -1
10 -2
10 1
1 12
1 -7
1 -4
2 45
2 -10
2 -23
2 14
2 -40
3 32
3 -25
3 -7
3 3
3 -9
4 -6
4 54
4 -33
4 -15
5 4
5 -3
6 2
7 9
7 -20
8 10
8 -3
9 22
9 -3
10 4
10 -1
10 -2
10 1
1 12
1 -7
1 -4
2 45
2 -10
2 -23
2 14
2 -40
3 32
3 -25
3 -7
3 3
3 -9
4 -6
4 54
4 -33
4 -15
5 4
5 -3
6 2
7 9
7 -20
8 10
8 -3
9 22
9 -3
10 4
10 -1
10 -2
10 1
1 12
1 -7
1 -4
2 45
2 -10
2 -23
2 14
2 -40
3 32
3 -25
3 -7
3 3
3 -9
4 -6
4 54
4 -33
4 -15
5 4
5 -3
6 2
7 9
7 -20
8 10
8 -3
9 22
9 -3
10 4
10 -1
10 -2
10 1
1 12
1 -7
1 -4
2 45
2 -10
2 -23
2 14
2 -40
3 32
3 -25
3 -7
3 3
3 -9
4 -6
4 54
4 -33
4 -15
5 4
5 -3
6 2
7 9
7 -20
8 10
8 -3
9 22
9 -3
10 4
10 -1
10 -2
10 1
1 12
1 -7
1 -4
2 45
2 -10
2 -23
2 14
2 -40
3 32
3 -25
3 -7
3 3
3 -9
4 -6
4 54
4 -33
4 -15
5 4
5 -3
6 2
7 9
7 -20
8 10
8 -3
9 22
9 -3
10 4
10 -1
10 -2
10 1
1 12
1 -7
1 -4
2 45
2 -10
2 -23
2 14
2 -40
3 32
3 -25
3 -7
3 3
3 -9
4 -6
4 54
4 -33
4 -15
5 4
5 -3
6 2
7 9
7 -20
8 10
8 -3
9 22
9 -3
10 4
10 -1
10 -2
10 1
1 12
1 -7
1 -4
2 45
2 -10
2 -23
2 14
2 -40
3 32
3 -25
3 -7
3 3
3 -9
4 -6
4 54
4 -33
4 -15
5 4
5 -3
6 2
7 9
7 -20
8 10
8 -3
9 22
9 -3
10 4
10 -1
10 -2
10 1
1 12
1 -7
1 -4
2 45
2 -10
2 -23
2 14
2 -40
3 32
3 -25
3 -7
3 3
3 -9
4 -6
4 54
4 -33
4 -15
5 4
5 -3
6 2
7 9
7 -20
8 10
8 -3
9 22
9 -3
10 4
10 -1
10 -2
10 1
1 12
1 -7
1 -4
2 45
2 -10
2 -23
2 14
2 -40
3 32
3 -25
3 -7
3 3
3 -9
4 -6
4 54
4 -33
4 -15
5 4
5 -3
6 2
7 9
7 -20
8 10
8 -3
9 22
9 -3
10 4
10 -1
10 -2
10 1
1 12
1 -7
1 -4
2 45
2 -10
2 -23
2 14
2 -40
3 32
3 -25
3 -7
3 3
3 -9
4 -6
4 54
4 -33
4 -15
5 4
5 -3
6 2
7 9
7 -20
8 10
8 -3
9 22
9 -3
10 4
10 -1
10 -2
10 1
9 -3
10 4
10 -1
10 -2
10 1
1 12
1 -7
1 -4
2 45
2 -10
2 -23
2 14
2 -40
3 32
3 -25
3 -7
3 3
3 -9
4 -6
4 54
4 -33
4 -15
5 4
5 -3
6 2
7 9
7 -20
8 10
8 -3
9 22
9 -3
10 4
10 -1
10 -2
10 1
1 12
1 -7
1 -4
2 45
2 -10
2 -23
2 14
2 -40
3 32
3 -25
3 -7
3 3
3 -9
4 -6
4 54
4 -33
4 -15
5 4
 